data=1:53;
